[gd_scene load_steps=6 format=2]

[ext_resource path="res://player/TESTCHARACTER.glb" type="PackedScene" id=1]
[ext_resource path="res://player/fullblack.png" type="Texture" id=2]

[sub_resource type="SpatialMaterial" id=3]
albedo_texture = ExtResource( 2 )
uv1_scale = Vector3( 2, 2, 3 )

[sub_resource type="CubeMesh" id=1]
size = Vector3( 0.01, 0.5, 0.01 )

[sub_resource type="SpatialMaterial" id=2]
albedo_color = Color( 0.168627, 0.0901961, 0.0313726, 1 )

[node name="TESTCHARACTER" instance=ExtResource( 1 )]

[node name="Skeleton" parent="metarig" index="0"]
bones/14/bound_children = [ NodePath("Wand") ]

[node name="Cube" parent="metarig/Skeleton" index="0"]
material/0 = SubResource( 3 )

[node name="Wand" type="BoneAttachment" parent="metarig/Skeleton" index="1"]
transform = Transform( 0.0433175, 0.113389, 0.992606, 0.983298, 0.170958, -0.0624404, -0.176773, 0.978732, -0.104089, -0.143266, 1.59151, 0.582 )
bone_name = "hand_r"

[node name="WandBody" type="MeshInstance" parent="metarig/Skeleton/Wand" index="0"]
transform = Transform( 0.987266, -0.159039, 0.0034215, 0.158287, 0.984282, 0.0783201, -0.0158236, -0.076781, 0.996922, -0.0475537, 0.371142, -0.00722593 )
mesh = SubResource( 1 )
material/0 = SubResource( 2 )

[node name="Position3D" type="Position3D" parent="metarig/Skeleton/Wand/WandBody" index="0"]
transform = Transform( 1, 0, 0, 0, 0.999397, 0.0347076, 0, -0.0347076, 0.999397, -0.00400972, 0.244546, 0.0016343 )
